/*
gcc -g GLAST_slew_estimate.c -I $TAKO/atFunc -lm -L$TAKO/lib -l atFunctions -DDEBUG -DTEST


Table-based GLAST slew estimate algorithm
by Dean Tsai
Translated from MATLAB

*/

#include <stdio.h>
#include <math.h>
#include <algorithm>    // std::max
//#include <tgmath.h>  // floor ceil
#include "../include/atFunctions.h"
#include "../include/GLAST_slew_estimate.h"

#define end 90  // highest index in the mesh tables

#define lpi 3.1415926535897234

/* Function prototypes */

void  VaryingEigAxisSlewAngleEst(double ra_s,double  dec_s,
				 double ra_i,double  dec_i, 
				 double ra_f, double dec_f, 
				 double *xz_slew_angle, double *y_slew_angle);

double interp_Angle2Time(double y_slew_angle, double xz_slew_angle,
			 double total_time[][end+1], double theta_y_mesh[][end+1], double theta_xz_mesh[][end+1]);


/* mesh tables */


double total_time [end+1][end+1] = 
  {
    {0.0000000e+000, 3.1112253e+001, 7.5111624e+001, 9.1992577e+001, 1.0622388e+002, 1.1876192e+002, 1.3009715e+002, 1.4052098e+002, 1.5022325e+002, 1.5933582e+002, 1.6795470e+002, 1.7615237e+002, 1.8398515e+002, 1.9149782e+002, 1.9872668e+002, 2.0570165e+002, 2.1244776e+002, 2.1898613e+002, 2.2533487e+002, 2.3150957e+002, 2.3752381e+002, 2.4338948e+002, 2.4912957e+002, 2.5484895e+002, 2.6056862e+002, 2.6628853e+002, 2.7200867e+002, 2.7772901e+002, 2.8344954e+002, 2.8917023e+002, 2.9489108e+002, 3.0061206e+002, 3.0633316e+002, 3.1205437e+002, 3.1777569e+002, 3.2349710e+002, 3.2921860e+002, 3.3494018e+002, 3.4066182e+002, 13.4638353e+002, 3.5210531e+002, 3.5782714e+002, 3.6354902e+002, 3.6927094e+002, 3.7499291e+002, 3.8071492e+002, 3.8643697e+002, 3.9215905e+002, 3.9788116e+002, 4.0360331e+002, 4.0932547e+002, 4.1504767e+002, 4.2076989e+002, 4.2649213e+002, 4.3221438e+002, 4.3793666e+002, 4.4365896e+002, 4.4938127e+002, 4.5510359e+002, 4.6082593e+002, 4.6654829e+002, 4.7227065e+002, 4.7799303e+002, 4.8371541e+002, 4.8943781e+002, 4.9516021e+002, 5.0088263e+002, 5.0660505e+002, 5.1232748e+002, 5.1804991e+002, 5.2377235e+002, 5.2949480e+002, 5.3521725e+002, 5.4093971e+002, 5.4666217e+002, 5.5238463e+002, 5.5810710e+002, 5.6382958e+002, 5.6955206e+002, 5.7527454e+002, 5.8099702e+002, 5.8671951e+002, 5.9244199e+002, 5.9816448e+002, 6.0388698e+002, 6.0960947e+002, 6.1533197e+002, 6.2105447e+002, 6.2677697e+002, 6.3249947e+002, 6.3822197e+002},
    {3.1112253e+001, 5.3111939e+001, 7.5111624e+001, 9.1992577e+001, 1.0622388e+002, 1.1876191e+002, 1.3009715e+002, 1.4052098e+002, 1.5022325e+002, 1.5933582e+002, 1.6795470e+002, 1.7615237e+002, 1.8398515e+002, 1.9149782e+002, 1.9872668e+002, 2.0570165e+002, 2.1244776e+002, 2.1898613e+002, 2.2533487e+002, 2.3150957e+002, 2.3752381e+002, 2.4338948e+002, 2.4913194e+002, 2.5485577e+002, 2.6057948e+002, 2.6630306e+002, 2.7202655e+002, 2.7774994e+002, 2.8347324e+002, 2.8919646e+002, 2.9491962e+002, 3.0064270e+002, 3.0636573e+002, 3.1208871e+002, 3.1781164e+002, 3.2353452e+002, 3.2925736e+002, 3.3498016e+002, 3.4070293e+002, 3.4642566e+002, 3.5214837e+002, 3.5787104e+002, 3.6359370e+002, 3.6931633e+002, 3.7503893e+002, 3.8076152e+002, 3.8648409e+002, 3.9220664e+002, 3.9792918e+002, 4.0365170e+002, 4.0937421e+002, 4.1509671e+002, 4.2081919e+002, 4.2654167e+002, 4.3226413e+002, 4.3798658e+002, 4.4370903e+002, 4.4943147e+002, 4.5515389e+002, 4.6087632e+002, 4.6659873e+002, 4.7232114e+002, 4.7804355e+002, 4.8376595e+002, 4.8948834e+002, 4.9521073e+002, 5.0093311e+002, 5.0665549e+002, 5.1237787e+002, 5.1810025e+002, 5.2382262e+002, 5.2954498e+002, 5.3526735e+002, 5.4098971e+002, 5.4671207e+002, 5.5243443e+002, 5.5815678e+002, 5.6387913e+002, 5.6960149e+002, 5.7532384e+002, 5.8104618e+002, 5.8676853e+002, 5.9249088e+002, 5.9821322e+002, 6.0393556e+002, 6.0965790e+002, 6.1538025e+002, 6.2110259e+002, 6.2682492e+002, 6.3254726e+002, 6.3826960e+002},
    {7.5111624e+001, 7.5111624e+001, 7.5111624e+001, 9.1992577e+001, 1.0622388e+002, 1.1876191e+002, 1.3009715e+002, 1.4052099e+002, 1.5022325e+002, 1.5933582e+002, 1.6795470e+002, 1.7615237e+002, 1.8398515e+002, 1.9149782e+002, 1.9872668e+002, 2.0570165e+002, 2.1244776e+002, 2.1898613e+002, 2.2533487e+002, 2.3150957e+002, 2.3752381e+002, 2.4338948e+002, 2.4913430e+002, 2.5486259e+002, 2.6059033e+002, 2.6631760e+002, 2.7204442e+002, 2.7777086e+002, 2.8349693e+002, 2.8922269e+002, 2.9494815e+002, 3.0067335e+002, 3.0639831e+002, 3.1212304e+002, 3.1784758e+002, 3.2357193e+002, 3.2929611e+002, 3.3502014e+002, 3.4074403e+002, 3.4646779e+002, 3.5219142e+002, 3.5791495e+002, 3.6363838e+002, 3.6936171e+002, 3.7508496e+002, 3.8080812e+002, 3.8653121e+002, 3.9225424e+002, 3.9797720e+002, 4.0370010e+002, 4.0942295e+002, 4.1514575e+002, 4.2086850e+002, 4.2659121e+002, 4.3231387e+002, 4.3803650e+002, 4.4375910e+002, 4.4948166e+002, 4.5520420e+002, 4.6092670e+002, 4.6664918e+002, 4.7237163e+002, 4.7809407e+002, 4.8381648e+002, 4.8953887e+002, 4.9526124e+002, 5.0098360e+002, 5.0670594e+002, 5.1242827e+002, 5.1815058e+002, 5.2387288e+002, 5.2959517e+002, 5.3531745e+002, 5.4103971e+002, 5.4676197e+002, 5.5248422e+002, 5.5820646e+002, 5.6392869e+002, 5.6965092e+002, 5.7537314e+002, 5.8109535e+002, 5.8681756e+002, 5.9253976e+002, 5.9826195e+002, 6.0398415e+002, 6.0970634e+002, 6.1542852e+002, 6.2115070e+002, 6.2687288e+002, 6.3259506e+002, 6.3831723e+002},
    {9.1992577e+001, 9.1992577e+001, 9.1992577e+001, 9.1992577e+001, 1.0622388e+002, 1.1876191e+002, 1.3009715e+002, 1.4052098e+002, 1.5022325e+002, 1.5933582e+002, 1.6795470e+002, 1.7615237e+002, 1.8398515e+002, 1.9149782e+002, 1.9872668e+002, 2.0570165e+002, 2.1244776e+002, 2.1898613e+002, 2.2533487e+002, 2.3150957e+002, 2.3752381e+002, 2.4338948e+002, 2.4913882e+002, 2.5487476e+002, 2.6060943e+002, 2.6634297e+002, 2.7207548e+002, 2.7780708e+002, 2.8353785e+002, 2.8926787e+002, 2.9499722e+002, 3.0072596e+002, 3.0645414e+002, 3.1218181e+002, 3.1790902e+002, 3.2363582e+002, 3.2936222e+002, 3.3508828e+002, 3.4081401e+002, 3.4653945e+002, 3.5226461e+002, 3.5798953e+002, 3.6371422e+002, 3.6943869e+002, 3.7516297e+002, 3.8088707e+002, 3.8661100e+002, 3.9233478e+002, 3.9805842e+002, 4.0378193e+002, 4.0950531e+002, 4.1522859e+002, 4.2095176e+002, 4.2667483e+002, 4.3239781e+002, 4.3812071e+002, 4.4384353e+002, 4.4956628e+002, 4.5528896e+002, 4.6101158e+002, 4.6673414e+002, 4.7245665e+002, 4.7817910e+002, 4.8390151e+002, 4.8962388e+002, 4.9534621e+002, 5.0106850e+002, 5.0679076e+002, 5.1251298e+002, 5.1823517e+002, 5.2395734e+002, 5.2967948e+002, 5.3540159e+002, 5.4112368e+002, 5.4684575e+002, 5.5256781e+002, 5.5828984e+002, 5.6401186e+002, 5.6973386e+002, 5.7545585e+002, 5.8117782e+002, 5.8689979e+002, 5.9262174e+002, 5.9834368e+002, 6.0406561e+002, 6.0978753e+002, 6.1550945e+002, 6.2123135e+002, 6.2695325e+002, 6.3267515e+002, 6.3839704e+002},
      {1.0622388e+002, 1.0622388e+002, 1.0622388e+002, 1.0622388e+002, 1.0622388e+002, 1.1876191e+002, 1.3009715e+002, 1.4052098e+002, 1.5022325e+002, 1.5933582e+002, 1.6795470e+002, 1.7615237e+002, 1.8398515e+002, 1.9149782e+002, 1.9872668e+002, 2.0570166e+002, 2.1244776e+002, 2.1898613e+002, 2.2533487e+002, 2.3150957e+002, 2.3752381e+002, 2.4338948e+002, 2.4914634e+002, 2.5489336e+002, 2.6063800e+002, 2.6638052e+002, 2.7212116e+002, 2.7786010e+002, 2.8359752e+002, 2.8933358e+002, 2.9506840e+002, 3.0080210e+002, 3.0653479e+002, 3.1226657e+002, 3.1799751e+002, 3.2372768e+002, 3.2945717e+002, 3.3518602e+002, 3.4091430e+002, 3.4664204e+002, 3.5236930e+002, 3.5809611e+002, 3.6382251e+002, 3.6954853e+002, 3.7527421e+002, 3.8099957e+002, 3.8672463e+002, 3.9244942e+002, 3.9817396e+002, 4.0389826e+002, 4.0962235e+002, 4.1534624e+002, 4.2106995e+002, 4.2679349e+002, 4.3251686e+002, 4.3824009e+002, 4.4396319e+002, 4.4968616e+002, 4.5540901e+002, 4.6113175e+002, 4.6685439e+002, 4.7257694e+002, 4.7829940e+002, 4.8402178e+002, 4.8974408e+002, 4.9546631e+002, 5.0118848e+002, 5.0691059e+002, 5.1263264e+002, 5.1835463e+002, 5.2407658e+002, 5.2979849e+002, 5.3552035e+002, 5.4124218e+002, 5.4696396e+002, 5.5268572e+002, 5.5840744e+002, 5.6412914e+002, 5.6985080e+002, 5.7557245e+002, 5.8129407e+002, 5.8701567e+002, 5.9273725e+002, 5.9845882e+002, 6.0418037e+002, 6.0990190e+002, 6.1562342e+002, 6.2134493e+002, 6.2706642e+002, 6.3278791e+002, 6.3850938e+002},
      {1.1876192e+002, 1.1876191e+002, 1.1876191e+002, 1.1876191e+002, 1.1876191e+002, 1.1876191e+002, 1.3009715e+002, 1.4052098e+002, 1.5022325e+002, 1.5933582e+002, 1.6795470e+002, 1.7615237e+002, 1.8398515e+002, 1.9149782e+002, 1.9872668e+002, 2.0570166e+002, 2.1244776e+002, 2.1898613e+002, 2.2533487e+002, 2.3150957e+002, 2.3752381e+002, 2.4338948e+002, 2.4915824e+002, 2.5491993e+002, 2.6067773e+002, 2.6643206e+002, 2.7218332e+002, 2.7793183e+002, 2.8367789e+002, 2.8942174e+002, 2.9516361e+002, 3.0090369e+002, 3.0664215e+002, 3.1237916e+002, 3.1811484e+002, 3.2384931e+002, 3.2958269e+002, 3.3531506e+002, 3.4104653e+002, 3.4677716e+002, 3.5250703e+002, 3.5823620e+002, 3.6396472e+002, 3.6969266e+002, 3.7542005e+002, 3.8114695e+002, 3.8687339e+002, 3.9259940e+002, 3.9832502e+002, 4.0405028e+002, 4.0977521e+002, 4.1549983e+002, 4.2122416e+002, 4.2694823e+002, 4.3267206e+002, 4.3839566e+002, 4.4411904e+002, 4.4984224e+002, 4.5556525e+002, 4.6128810e+002, 4.6701079e+002, 4.7273334e+002, 4.7845575e+002, 4.8417804e+002, 4.8990021e+002, 4.9562228e+002, 5.0134425e+002, 5.0706612e+002, 5.1278791e+002, 5.1850962e+002, 5.2423126e+002, 5.2995282e+002, 5.3567433e+002, 5.4139577e+002, 5.4711716e+002, 5.5283851e+002, 5.5855980e+002, 5.6428105e+002, 5.7000226e+002, 5.7572344e+002, 5.8144458e+002, 5.8716569e+002, 5.9288677e+002, 5.9860783e+002, 6.0432886e+002, 6.1004987e+002, 6.1577086e+002, 6.2149183e+002, 6.2721278e+002, 6.3293372e+002, 6.3865465e+002},
      {1.3009715e+002, 1.3009715e+002, 1.3009715e+002, 1.3009715e+002, 1.3009715e+002, 1.3009715e+002, 1.3009715e+002, 1.3009715e+002, 1.5022325e+002, 1.5933582e+002, 1.6795470e+002, 1.7615237e+002, 1.8398515e+002, 1.9149782e+002, 1.9872668e+002, 2.0570166e+002, 2.1244776e+002, 2.1898613e+002, 2.2533487e+002, 2.3150957e+002, 2.3752381e+002, 2.4338948e+002, 2.4917648e+002, 2.5495666e+002, 2.6073092e+002, 2.6649996e+002, 2.7226438e+002, 2.7802469e+002, 2.8378135e+002, 2.8953474e+002, 2.9528519e+002, 3.0103302e+002, 3.0677847e+002, 3.1252178e+002, 3.1826315e+002, 3.2400276e+002, 3.2974078e+002, 3.3547735e+002, 3.4121260e+002, 3.4694664e+002, 3.5267958e+002, 3.5841151e+002, 3.6414251e+002, 3.6987267e+002, 3.7560205e+002, 3.8133071e+002, 3.8705872e+002, 3.9278612e+002, 3.9851296e+002, 4.0423929e+002, 4.0996514e+002, 4.1569056e+002, 4.2141557e+002, 4.2714020e+002, 4.3286449e+002, 4.3858845e+002, 4.4431212e+002, 4.5003552e+002, 4.5575866e+002, 4.6148156e+002, 4.6720424e+002, 4.7292673e+002, 4.7864902e+002, 4.8437114e+002, 4.9009309e+002, 4.9581490e+002, 5.0153656e+002, 5.0725810e+002, 5.1297952e+002, 5.1870082e+002, 5.2442203e+002, 5.3014314e+002, 5.3586416e+002, 5.4158510e+002, 5.4730596e+002, 5.5302675e+002, 5.5874748e+002, 5.6446815e+002, 5.7018877e+002, 5.7590933e+002, 5.8162985e+002, 5.8735033e+002, 5.9307077e+002, 5.9879117e+002, 6.0451154e+002, 6.1023188e+002, 6.1595220e+002, 6.2167249e+002, 6.2739275e+002, 6.3311300e+002, 6.3883323e+002},
      {1.4052098e+002, 1.4052098e+002, 1.4052098e+002, 1.4052098e+002, 1.4052098e+002, 1.4052098e+002, 1.4052098e+002, 1.4052098e+002, 1.5022325e+002, 1.5933582e+002, 1.6795470e+002, 1.7615237e+002, 1.8398515e+002, 1.9149782e+002, 1.9872668e+002, 2.0570166e+002, 2.1244776e+002, 2.1898613e+002, 2.2533487e+002, 2.3150957e+002, 2.3752381e+002, 2.4339151e+002, 2.4920389e+002, 2.5500651e+002, 2.6080062e+002, 2.6658729e+002, 2.7236740e+002, 2.7814171e+002, 2.8391089e+002, 2.8967549e+002, 2.9543600e+002, 3.0119284e+002, 3.0694641e+002, 3.1269701e+002, 3.1844494e+002, 3.2419046e+002, 3.2993378e+002, 3.3567513e+002, 3.4141466e+002, 3.4715255e+002, 3.5288894e+002, 3.5862396e+002, 3.6435773e+002, 3.7009035e+002, 3.7582191e+002, 3.8155251e+002, 3.8728223e+002, 3.9301112e+002, 3.9873927e+002, 4.0446672e+002, 4.1019354e+002, 4.1591977e+002, 4.2164545e+002, 4.2737064e+002, 4.3309536e+002, 4.3881965e+002, 4.4454355e+002, 4.5026708e+002, 4.5599027e+002, 4.6171314e+002, 4.6743573e+002, 4.7315804e+002, 4.7888011e+002, 4.8460195e+002, 4.9032357e+002, 4.9604499e+002, 5.0176623e+002, 5.0748730e+002, 5.1320821e+002, 5.1892898e+002, 5.2464961e+002, 5.3037011e+002, 5.3609051e+002, 5.4181079e+002, 5.4753098e+002, 5.5325107e+002, 5.5897109e+002, 5.6469102e+002, 5.7041089e+002, 5.7613069e+002, 5.8185043e+002, 5.8757012e+002, 5.9328975e+002, 5.9900934e+002, 6.0472890e+002, 6.1044841e+002, 6.1616789e+002, 6.2188734e+002, 6.2760676e+002, 6.3332616e+002, 6.3904554e+002},
      {1.5022325e+002, 1.5022325e+002, 1.5022325e+002, 1.5022325e+002, 1.5022325e+002, 1.5022325e+002, 1.5022325e+002, 1.5022325e+002, 1.5022325e+002, 1.5933582e+002, 1.6795470e+002, 1.7615237e+002, 1.8398515e+002, 1.9149782e+002, 1.9872668e+002, 2.0570166e+002, 2.1244776e+002, 2.1898613e+002, 2.2533487e+002, 2.3150957e+002, 2.3752381e+002, 2.4340179e+002, 2.4924442e+002, 2.5507350e+002, 2.6089086e+002, 2.6669803e+002, 2.7249628e+002, 2.7828669e+002, 2.8407018e+002, 2.8984754e+002, 2.9561943e+002, 3.0138646e+002, 3.0714913e+002, 3.1290788e+002, 3.1866311e+002, 3.2441517e+002, 3.3016436e+002, 3.3591094e+002, 3.4165517e+002, 3.4739725e+002, 3.5313738e+002, 3.5887573e+002, 3.6461245e+002, 3.7034768e+002, 3.7608156e+002, 3.8181418e+002, 3.8754567e+002, 3.9327610e+002, 3.9900556e+002, 4.0473414e+002, 4.1046190e+002, 4.1618890e+002, 4.2191521e+002, 4.2764088e+002, 4.3336596e+002, 4.3909049e+002, 4.4481451e+002, 4.5053807e+002, 4.5626120e+002, 4.6198392e+002, 4.6770628e+002, 4.7342830e+002, 4.7915000e+002, 4.8487141e+002, 4.9059255e+002, 4.9631344e+002, 5.0203410e+002, 5.0775454e+002, 5.1347479e+002, 5.1919485e+002, 5.2491475e+002, 5.3063449e+002, 5.3635408e+002, 5.4207354e+002, 5.4779288e+002, 5.5351211e+002, 5.5923124e+002, 5.6495027e+002, 5.7066921e+002, 5.7638807e+002, 5.8210686e+002, 5.8782559e+002, 5.9354425e+002, 5.9926286e+002, 6.0498142e+002, 6.1069993e+002, 6.1641841e+002, 6.2213684e+002, 6.2785525e+002, 6.3357363e+002, 6.3929198e+002},
      {1.5933582e+002, 1.5933582e+002, 1.5933582e+002, 1.5933582e+002, 1.5933582e+002, 1.5933582e+002, 1.5933582e+002, 1.5933582e+002, 1.5933582e+002, 1.5933582e+002, 1.6795470e+002, 1.7615237e+002, 1.8398515e+002, 1.9149782e+002, 1.9872668e+002, 2.0570165e+002, 2.1244776e+002, 2.1898613e+002, 2.2533487e+002, 2.3150957e+002, 2.3752381e+002, 2.4342591e+002, 2.4930362e+002, 2.5516310e+002, 2.6100695e+002, 2.6683732e+002, 2.7265596e+002, 2.7846435e+002, 2.8426375e+002, 2.9005520e+002, 2.9583961e+002, 3.0161777e+002, 3.0739035e+002, 3.1315794e+002, 3.1892105e+002, 3.2468012e+002, 3.3043556e+002, 3.3618772e+002, 3.4193690e+002, 3.4768339e+002, 3.5342742e+002, 3.5916922e+002, 3.6490898e+002, 3.7064689e+002, 3.7638309e+002, 3.8211775e+002, 3.8785098e+002, 3.9358290e+002, 3.9931362e+002, 4.0504325e+002, 4.1077186e+002, 4.1649953e+002, 4.2222635e+002, 4.2795238e+002, 4.3367768e+002, 4.3940230e+002, 4.4512631e+002, 4.5084974e+002, 4.5657264e+002, 4.6229506e+002, 4.6801702e+002, 4.7373857e+002, 4.7945973e+002, 4.8518053e+002, 4.9090101e+002, 4.9662118e+002, 5.0234107e+002, 5.0806070e+002, 5.1378009e+002, 5.1949926e+002, 5.2521823e+002, 5.3093701e+002, 5.3665562e+002, 5.4237407e+002, 5.4809237e+002, 5.5381054e+002, 5.5952858e+002, 5.6524651e+002, 5.7096434e+002, 5.7668208e+002, 5.8239973e+002, 5.8811730e+002, 5.9383480e+002, 5.9955224e+002, 6.0526962e+002, 6.1098695e+002, 6.1670423e+002, 6.2242148e+002, 6.2813869e+002, 6.3385586e+002, 6.3957301e+002},
      {1.6795470e+002, 1.6795470e+002, 1.6795470e+002, 1.6795470e+002, 1.6795470e+002, 1.6795470e+002, 1.6795470e+002, 1.6795470e+002, 1.6795470e+002, 1.6795470e+002, 1.6795470e+002, 1.7615237e+002, 1.8398515e+002, 1.9149782e+002, 1.9872668e+002, 2.0570165e+002, 2.1244776e+002, 2.1898614e+002, 2.2533487e+002, 2.3150957e+002, 2.3752622e+002, 2.4347188e+002, 2.4938919e+002, 2.5528266e+002, 2.6115589e+002, 2.6701177e+002, 2.7285268e+002, 2.7868058e+002, 2.8449713e+002, 2.9030369e+002, 2.9610146e+002, 3.0189143e+002, 3.0767447e+002, 3.1345133e+002, 3.1922266e+002, 3.2498902e+002, 3.3075092e+002, 3.3650879e+002, 3.4226302e+002, 3.4801396e+002, 3.5376191e+002, 3.5950714e+002, 3.6524990e+002, 3.7099041e+002, 3.7672886e+002, 3.8246543e+002, 3.8820028e+002, 3.9393356e+002, 3.9966539e+002, 4.0539590e+002, 4.1112519e+002, 4.1685336e+002, 4.2258050e+002, 4.2830670e+002, 4.3403202e+002, 4.3975654e+002, 4.4548032e+002, 4.5120342e+002, 4.5692589e+002, 4.6264778e+002, 4.6836913e+002, 4.7408999e+002, 4.7981039e+002, 4.8553037e+002, 4.9124996e+002, 4.9696919e+002, 5.0268810e+002, 5.0840669e+002, 5.1412501e+002, 5.1984307e+002, 5.2556089e+002, 5.3127850e+002, 5.3699590e+002, 5.4271312e+002, 5.4843016e+002, 5.5414706e+002, 5.5986381e+002, 5.6558043e+002, 5.7129694e+002, 5.7701333e+002, 5.8272963e+002, 5.8844585e+002, 5.9416198e+002, 5.9987804e+002, 6.0559404e+002, 6.1130999e+002, 6.1702588e+002, 6.2274173e+002, 6.2845755e+002, 6.3417333e+002, 6.3988908e+002},
      {1.7615237e+002, 1.7615237e+002, 1.7615237e+002, 1.7615237e+002, 1.7615237e+002, 1.7615237e+002, 1.7615237e+002, 1.7615237e+002, 1.7615237e+002, 1.7615237e+002, 1.7615237e+002, 1.7616237e+002, 1.8398515e+002, 1.9149782e+002, 1.9872668e+002, 2.0570165e+002, 2.1244776e+002, 2.1898613e+002, 2.2533487e+002, 2.3150957e+002, 2.3755424e+002, 2.4355135e+002, 2.4951193e+002, 2.5544217e+002, 2.6134688e+002, 2.6722990e+002, 2.7309432e+002, 2.7894270e+002, 2.8477713e+002, 2.9059936e+002, 2.9641088e+002, 3.0221295e+002, 3.0800664e+002, 3.1379288e+002, 3.1957247e+002, 3.2534611e+002, 3.3111441e+002, 3.3687791e+002, 3.4263707e+002, 3.4839232e+002, 3.5414402e+002, 3.5989250e+002, 3.6563805e+002, 3.7138095e+002, 3.7712142e+002, 3.8285967e+002, 3.8859590e+002, 3.9433029e+002, 4.0006297e+002, 4.0579411e+002, 4.1152382e+002, 4.1725222e+002, 4.2297942e+002, 4.2870552e+002, 4.3443060e+002, 4.4015475e+002, 4.4587803e+002, 4.5160053e+002, 4.5732229e+002, 4.6304338e+002, 4.6876386e+002, 4.7448376e+002, 4.8020314e+002, 4.8592203e+002, 4.9164048e+002, 4.9735852e+002, 5.0307617e+002, 5.0879348e+002, 5.1451048e+002, 5.2022717e+002, 5.2594360e+002, 5.3165978e+002, 5.3737573e+002, 5.4309147e+002, 5.4880702e+002, 5.5452240e+002, 5.6023762e+002, 5.6595270e+002, 5.7166765e+002, 5.7738248e+002, 5.8309720e+002, 5.8881183e+002, 5.9452638e+002, 6.0024084e+002, 6.0595524e+002, 6.1166958e+002, 6.1738387e+002, 6.2309811e+002, 6.2881232e+002, 6.3452650e+002, 6.4024064e+002},
      {1.8398515e+002, 1.8398515e+002, 1.8398515e+002, 1.8398515e+002, 1.8398515e+002, 1.8398515e+002, 1.8398515e+002, 1.8398515e+002, 1.8398515e+002, 1.8398515e+002, 1.8398515e+002, 1.8398515e+002, 1.8425505e+002, 1.9149782e+002, 1.9872668e+002, 2.0570165e+002, 2.1244776e+002, 2.1898613e+002, 2.2533487e+002, 2.3152255e+002, 2.3763015e+002, 2.4368136e+002, 2.4968700e+002, 2.5565517e+002, 2.6159212e+002, 2.6750273e+002, 2.7339091e+002, 2.7925983e+002, 2.8511209e+002, 2.9094985e+002, 2.9677493e+002, 3.0258884e+002, 3.0839289e+002, 3.1418819e+002, 3.1997571e+002, 3.2575628e+002, 3.3153061e+002, 3.3729936e+002, 3.4306307e+002, 3.4882223e+002, 3.5457729e+002, 3.6032863e+002, 3.6607659e+002, 3.7182149e+002, 3.7756359e+002, 3.8330314e+002, 3.8904038e+002, 3.9477549e+002, 4.0050866e+002, 4.0624005e+002, 4.1196981e+002, 4.1769808e+002, 4.2342499e+002, 4.2915063e+002, 4.3487512e+002, 4.4059855e+002, 4.4632101e+002, 4.5204256e+002, 4.5776329e+002, 4.6348327e+002, 4.6920254e+002, 4.7492117e+002, 4.8063921e+002, 4.8635671e+002, 4.9207371e+002, 4.9779024e+002, 5.0350636e+002, 5.0922209e+002, 5.1493746e+002, 5.2065251e+002, 5.2636725e+002, 5.3208173e+002, 5.3779595e+002, 5.4350995e+002, 5.4922374e+002, 5.5493734e+002, 5.6065077e+002, 5.6636404e+002, 5.7207718e+002, 5.7779019e+002, 5.8350309e+002, 5.8921588e+002, 5.9492859e+002, 6.0064122e+002, 6.0635379e+002, 6.1206629e+002, 6.1777874e+002, 6.2349115e+002, 6.2920352e+002, 6.3491587e+002, 6.4062819e+002},
      {1.9149782e+002, 1.9149782e+002, 1.9149782e+002, 1.9149782e+002, 1.9149782e+002, 1.9149782e+002, 1.9149782e+002, 1.9149782e+002, 1.9149782e+002, 1.9149782e+002, 1.9149782e+002, 1.9149782e+002, 1.9149782e+002, 1.9234774e+002, 1.9872668e+002, 2.0570165e+002, 2.1244776e+002, 2.1898613e+002, 2.2535621e+002, 2.3161325e+002, 2.3778401e+002, 2.4388705e+002, 2.4993578e+002, 2.5594014e+002, 2.6190774e+002, 2.6784448e+002, 2.7375507e+002, 2.7964329e+002, 2.8551222e+002, 2.9136442e+002, 2.9720202e+002, 3.0302680e+002, 3.0884029e+002, 3.1464378e+002, 3.2043838e+002, 3.2622507e+002, 3.3200468e+002, 3.3777794e+002, 3.4354549e+002, 3.4930790e+002, 3.5506567e+002, 3.6081923e+002, 3.6656899e+002, 3.7231530e+002, 3.7805846e+002, 3.8379876e+002, 3.8953645e+002, 3.9527177e+002, 4.0100491e+002, 4.0673607e+002, 4.1246541e+002, 4.1819308e+002, 4.2391922e+002, 4.2964397e+002, 4.3536743e+002, 4.4108972e+002, 4.4681092e+002, 4.5253113e+002, 4.5825043e+002, 4.6396889e+002, 4.6968658e+002, 4.7540356e+002, 4.8111990e+002, 4.8683564e+002, 4.9255083e+002, 4.9826552e+002, 5.0397975e+002, 5.0969356e+002, 5.1540699e+002, 5.2112006e+002, 5.2683281e+002, 5.3254527e+002, 5.3825746e+002, 5.4396940e+002, 5.4968113e+002, 5.5539266e+002, 5.6110401e+002, 5.6681520e+002, 5.7252624e+002, 5.7823716e+002, 5.8394796e+002, 5.8965866e+002, 5.9536927e+002, 6.0107980e+002, 6.0679027e+002, 6.1250068e+002, 6.1821105e+002, 6.2392138e+002, 6.2963168e+002, 6.3534195e+002, 6.4105222e+002},
      {1.9872668e+002, 1.9872668e+002, 1.9872668e+002, 1.9872668e+002, 1.9872668e+002, 1.9872668e+002, 1.9872668e+002, 1.9872668e+002, 1.9872668e+002, 1.9872668e+002, 1.9872668e+002, 1.9872668e+002, 1.9872668e+002, 1.9872668e+002, 2.0044042e+002, 2.0603578e+002, 2.1258894e+002, 2.1912383e+002, 2.2554046e+002, 2.3184707e+002, 2.3806309e+002, 2.4420572e+002, 2.5028860e+002, 2.5632231e+002, 2.6231511e+002, 2.6827355e+002, 2.7420282e+002, 2.8010715e+002, 2.8599000e+002, 2.9185422e+002, 2.9770218e+002, 3.0353590e+002, 3.0935707e+002, 3.1516715e+002, 3.2096738e+002, 3.2675884e+002, 3.3254246e+002, 3.3831907e+002, 3.4408937e+002, 3.4985399e+002, 3.5561350e+002, 3.6136838e+002, 3.6711906e+002, 3.7286595e+002, 3.7860939e+002, 3.8434968e+002, 3.9008712e+002, 3.9582195e+002, 4.0155441e+002, 4.0728469e+002, 4.1301299e+002, 4.1873947e+002, 4.2446428e+002, 4.3018758e+002, 4.3590948e+002, 4.4163010e+002, 4.4734955e+002, 4.5306793e+002, 4.5878531e+002, 4.6450180e+002, 4.7021746e+002, 4.7593235e+002, 4.8164656e+002, 4.8736012e+002, 4.9307310e+002, 4.9878554e+002, 5.0449750e+002, 5.1020901e+002, 5.1592012e+002, 5.2163085e+002, 5.2734125e+002, 5.3305134e+002, 5.3876116e+002, 5.4447072e+002, 5.5018006e+002, 5.5588919e+002, 5.6159814e+002, 5.6730693e+002, 5.7301558e+002, 5.7872410e+002, 5.8443250e+002, 5.9014082e+002, 5.9584904e+002, 6.0155720e+002, 6.0726530e+002, 6.1297335e+002, 6.1868137e+002, 6.2438935e+002, 6.3009732e+002, 6.3580528e+002, 6.4151323e+002},
      {2.0570165e+002, 2.0570165e+002, 2.0570165e+002, 2.0570165e+002, 2.0570165e+002, 2.0570165e+002, 2.0570165e+002, 2.0570165e+002, 2.0570165e+002, 2.0570165e+002, 2.0570165e+002, 2.0570165e+002, 2.0570165e+002, 2.0570165e+002, 2.0603578e+002, 2.0853310e+002, 2.1366141e+002, 2.1977388e+002, 2.2606085e+002, 2.3233005e+002, 2.3854176e+002, 2.4469267e+002, 2.5078837e+002, 2.5683606e+002, 2.6284251e+002, 2.6881361e+002, 2.7475432e+002, 2.8066883e+002, 2.8656061e+002, 2.9243261e+002, 2.9828729e+002, 3.0412675e+002, 3.0995280e+002, 3.1576696e+002, 3.2157056e+002, 3.2736476e+002, 3.3315055e+002, 3.3892881e+002, 3.4470029e+002, 3.5046569e+002, 3.5622560e+002, 3.6198054e+002, 3.6773098e+002, 3.7347736e+002, 3.7922003e+002, 3.8495935e+002, 3.9069561e+002, 3.9642908e+002, 4.0216001e+002, 4.0788862e+002, 4.1361512e+002, 4.1933968e+002, 4.2506247e+002, 4.3078364e+002, 4.3650333e+002, 4.4222167e+002, 4.4793877e+002, 4.5365473e+002, 4.5936965e+002, 4.6508362e+002, 4.7079673e+002, 4.7650903e+002, 4.8222061e+002, 4.8793152e+002, 4.9364182e+002, 4.9935157e+002, 5.0506082e+002, 5.1076960e+002, 5.1647797e+002, 5.2218596e+002, 5.2789361e+002, 5.3360094e+002, 5.3930800e+002, 5.4501481e+002, 5.5072140e+002, 5.5642778e+002, 5.6213399e+002, 5.6784004e+002, 5.7354596e+002, 5.7925175e+002, 5.8495745e+002, 5.9066306e+002, 5.9636860e+002, 6.0207408e+002, 6.0777951e+002, 6.1348491e+002, 6.1919028e+002, 6.2489565e+002, 6.3060101e+002, 6.3630637e+002, 6.4201174e+002},
      {2.1244776e+002, 2.1244776e+002, 2.1244776e+002, 2.1244776e+002, 2.1244776e+002, 2.1244776e+002, 2.1244776e+002, 2.1244776e+002, 2.1244776e+002, 2.1244776e+002, 2.1244776e+002, 2.1244776e+002, 2.1244776e+002, 2.1244776e+002, 2.1258894e+002, 2.1366141e+002, 2.1662578e+002, 2.2146684e+002, 2.2720689e+002, 2.3323631e+002, 2.3933460e+002, 2.4542871e+002, 2.5149516e+002, 2.5752784e+002, 2.6352695e+002, 2.6949492e+002, 2.7543481e+002, 2.8134969e+002, 2.8724242e+002, 2.9311555e+002, 2.9897134e+002, 3.0481176e+002, 3.1063851e+002, 3.1645312e+002, 3.2225688e+002, 3.2805095e+002, 3.3383633e+002, 3.3961391e+002, 3.4538448e+002, 3.5114872e+002, 3.5690725e+002, 3.6266061e+002, 3.6840930e+002, 3.7415376e+002, 3.7989436e+002, 3.8563146e+002, 3.9136538e+002, 3.9709640e+002, 4.0282478e+002, 4.0855075e+002, 4.1427452e+002, 4.1999628e+002, 4.2571621e+002, 4.3143446e+002, 4.3715119e+002, 4.4286651e+002, 4.4858056e+002, 4.5429343e+002, 4.6000524e+002, 4.6571607e+002, 4.7142602e+002, 4.7713515e+002, 4.8284354e+002, 4.8855126e+002, 4.9425836e+002, 4.9996490e+002, 5.0567094e+002, 5.1137652e+002, 5.1708169e+002, 5.2278648e+002, 5.2849094e+002, 5.3419509e+002, 5.3989898e+002, 5.4560263e+002, 5.5130606e+002, 5.5700931e+002, 5.6271240e+002, 5.6841534e+002, 5.7411816e+002, 5.7982089e+002, 5.8552353e+002, 5.9122609e+002, 5.9692861e+002, 6.0263109e+002, 6.0833354e+002, 6.1403598e+002, 6.1973841e+002, 6.2544085e+002, 6.3114330e+002, 6.3684578e+002, 6.4254830e+002},
      {2.1898613e+002, 2.1898613e+002, 2.1898613e+002, 2.1898613e+002, 2.1898613e+002, 2.1898613e+002, 2.1898613e+002, 2.1898613e+002, 2.1898613e+002, 2.1898613e+002, 2.1898613e+002, 2.1898613e+002, 2.1898613e+002, 2.1898613e+002, 2.1912383e+002, 2.1977388e+002, 2.2146684e+002, 2.2471847e+002, 2.2937410e+002, 2.3481860e+002, 2.4060627e+002, 2.4652679e+002, 2.5249038e+002, 2.5845886e+002, 2.6441606e+002, 2.7035557e+002, 2.7627542e+002, 2.8217570e+002, 2.8805740e+002, 2.9392191e+002, 2.9977070e+002, 3.0560524e+002, 3.1142688e+002, 3.1723689e+002, 3.2303642e+002, 3.2882650e+002, 3.3460804e+002, 3.4038188e+002, 3.4614876e+002, 3.5190935e+002, 3.5766423e+002, 3.6341394e+002, 3.6915897e+002, 3.7489973e+002, 3.8063663e+002, 3.8637000e+002, 3.9210016e+002, 3.9782741e+002, 4.0355199e+002, 4.0927415e+002, 4.1499409e+002, 4.2071201e+002, 4.2642809e+002, 4.3214249e+002, 4.3785535e+002, 4.4356681e+002, 4.4927699e+002, 4.5498600e+002, 4.6069395e+002, 4.6640094e+002, 4.7210704e+002, 4.7781234e+002, 4.8351691e+002, 4.8922082e+002, 4.9492413e+002, 5.0062690e+002, 5.0632918e+002, 5.1203103e+002, 5.1773248e+002, 5.2343357e+002, 5.2913435e+002, 5.3483485e+002, 5.4053511e+002, 5.4623515e+002, 5.5193500e+002, 5.5763469e+002, 5.6333424e+002, 5.6903368e+002, 5.7473302e+002, 5.8043229e+002, 5.8613149e+002, 5.9183066e+002, 5.9752980e+002, 6.0322893e+002, 6.0892805e+002, 6.1462719e+002, 6.2032635e+002, 6.2602555e+002, 6.3172479e+002, 6.3742408e+002, 6.4312344e+002},
      {2.2533487e+002, 2.2533487e+002, 2.2533487e+002, 2.2533487e+002, 2.2533487e+002, 2.2533487e+002, 2.2533487e+002, 2.2533487e+002, 2.2533487e+002, 2.2533487e+002, 2.2533487e+002, 2.2533487e+002, 2.2533487e+002, 2.2535621e+002, 2.2554046e+002, 2.2606085e+002, 2.2720689e+002, 2.2937410e+002, 2.3281115e+002, 2.3734120e+002, 2.4255585e+002, 2.4812928e+002, 2.5387723e+002, 2.5970606e+002, 2.6556891e+002, 2.7144214e+002, 2.7731376e+002, 2.8317778e+002, 2.8903144e+002, 2.9487364e+002, 3.0070424e+002, 3.0652358e+002, 3.1233225e+002, 3.1813097e+002, 3.2392048e+002, 3.2970151e+002, 3.3547479e+002, 3.4124096e+002, 3.4700065e+002, 3.5275443e+002, 3.5850282e+002, 3.6424630e+002, 3.6998530e+002, 3.7572022e+002, 3.8145142e+002, 3.8717922e+002, 3.9290393e+002, 3.9862582e+002, 4.0434512e+002, 4.1006208e+002, 4.1577690e+002, 4.2148976e+002, 4.2720083e+002, 4.3291028e+002, 4.3861824e+002, 4.4432486e+002, 4.5003024e+002, 4.5573451e+002, 4.6143775e+002, 4.6714008e+002, 4.7284156e+002, 4.7854229e+002, 4.8424233e+002, 4.8994175e+002, 4.9564061e+002, 5.0133897e+002, 5.0703689e+002, 5.1273440e+002, 5.1843156e+002, 5.2412841e+002, 5.2982498e+002, 5.3552131e+002, 5.4121743e+002, 5.4691338e+002, 5.5260918e+002, 5.5830485e+002, 5.6400042e+002, 5.6969592e+002, 5.7539135e+002, 5.8108675e+002, 5.8678213e+002, 5.9247750e+002, 5.9817288e+002, 6.0386829e+002, 6.0956373e+002, 6.1525921e+002, 6.2095476e+002, 6.2665037e+002, 6.3234606e+002, 6.3804184e+002, 6.4373771e+002},
      {2.3150957e+002, 2.3150957e+002, 2.3150957e+002, 2.3150957e+002, 2.3150957e+002, 2.3150957e+002, 2.3150957e+002, 2.3150957e+002, 2.3150957e+002, 2.3150957e+002, 2.3150957e+002, 2.3150957e+002, 2.3152255e+002, 2.3161325e+002, 2.3184707e+002, 2.3233005e+002, 2.3323631e+002, 2.3481860e+002, 2.3734120e+002, 2.4090383e+002, 2.4534514e+002, 2.5038107e+002, 2.5577038e+002, 2.6135803e+002, 2.6705439e+002, 2.7280904e+002, 2.7859356e+002, 2.8439173e+002, 2.9019426e+002, 2.9599580e+002, 3.0179333e+002, 3.0758523e+002, 3.1337071e+002, 3.1914947e+002, 3.2492155e+002, 3.3068715e+002, 3.3644656e+002, 3.4220015e+002, 3.4794830e+002, 3.5369139e+002, 3.5942981e+002, 3.6516391e+002, 3.7089403e+002, 3.7662051e+002, 3.8234362e+002, 3.8806367e+002, 3.9378090e+002, 3.9949555e+002, 4.0520785e+002, 4.1091799e+002, 4.1662617e+002, 4.2233254e+002, 4.2803728e+002, 4.3374053e+002, 4.3944241e+002, 4.4514306e+002, 4.5084259e+002, 4.5654110e+002, 4.6223868e+002, 4.6793544e+002, 4.7363143e+002, 4.7932676e+002, 4.8502147e+002, 4.9071564e+002, 4.9640932e+002, 5.0210257e+002, 5.0779544e+002, 5.1348798e+002, 5.1918023e+002, 5.2487222e+002, 5.3056400e+002, 5.3625559e+002, 5.4194704e+002, 5.4763836e+002, 5.5332959e+002, 5.5902075e+002, 5.6471186e+002, 5.7040295e+002, 5.7609403e+002, 5.8178511e+002, 5.8747623e+002, 5.9316739e+002, 5.9885860e+002, 6.0454988e+002, 6.1024125e+002, 6.1593271e+002, 6.2162426e+002, 6.2731594e+002, 6.3300773e+002, 6.3869964e+002, 6.4439170e+002},
      {2.3752381e+002, 2.3752381e+002, 2.3752381e+002, 2.3752381e+002, 2.3752381e+002, 2.3752381e+002, 2.3752381e+002, 2.3752381e+002, 2.3752381e+002, 2.3752381e+002, 2.3752622e+002, 2.3755424e+002, 2.3763015e+002, 2.3778401e+002, 2.3806309e+002, 2.3854176e+002, 2.3933460e+002, 2.4060627e+002, 2.4255585e+002, 2.4534514e+002, 2.4899652e+002, 2.5337280e+002, 2.5826856e+002, 2.6350191e+002, 2.6894469e+002, 2.7451513e+002, 2.8016290e+002, 2.8585715e+002, 2.9157886e+002, 2.9731618e+002, 3.0306165e+002, 3.0881055e+002, 3.1455991e+002, 3.2030786e+002, 3.2605327e+002, 3.3179550e+002, 3.3753417e+002, 3.4326917e+002, 3.4900048e+002, 3.5472819e+002, 3.6045244e+002, 3.6617339e+002, 3.7189124e+002, 3.7760618e+002, 3.8331842e+002, 3.8902813e+002, 3.9473552e+002, 4.0044077e+002, 4.0614403e+002, 4.1184549e+002, 4.1754528e+002, 4.2324355e+002, 4.2894043e+002, 4.3463604e+002, 4.4033050e+002, 4.4602392e+002, 4.5171640e+002, 4.5740802e+002, 4.6309887e+002, 4.6878903e+002, 4.7447857e+002, 4.8016756e+002, 4.8585606e+002, 4.9154414e+002, 4.9723183e+002, 5.0291920e+002, 5.0860628e+002, 5.1429313e+002, 5.1997977e+002, 5.2566626e+002, 5.3135260e+002, 5.3703885e+002, 5.4272503e+002, 5.4841116e+002, 5.5409727e+002, 5.5978338e+002, 5.6546951e+002, 5.7115568e+002, 5.7684191e+002, 5.8252821e+002, 5.8821460e+002, 5.9390110e+002, 5.9958771e+002, 6.0527445e+002, 6.1096133e+002, 6.1664835e+002, 6.2233553e+002, 6.2802288e+002, 6.3371039e+002, 6.3939809e+002, 6.4508597e+002},
      {2.4338948e+002, 2.4338948e+002, 2.4338948e+002, 2.4338948e+002, 2.4338948e+002, 2.4338948e+002, 2.4338948e+002, 2.4339151e+002, 2.4340179e+002, 2.4342591e+002, 2.4347188e+002, 2.4355135e+002, 2.4368136e+002, 2.4388705e+002, 2.4420572e+002, 2.4469267e+002, 2.4542871e+002, 2.4652679e+002, 2.4812928e+002, 2.5038107e+002, 2.5337280e+002, 2.5708920e+002, 2.6141638e+002, 2.6620081e+002, 2.7130271e+002, 2.7661666e+002, 2.8207011e+002, 2.8761502e+002, 2.9321995e+002, 2.9886430e+002, 3.0453445e+002, 3.1022132e+002, 3.1591878e+002, 3.2162270e+002, 3.2733025e+002, 3.3303951e+002, 3.3874918e+002, 3.4445838e+002, 3.5016654e+002, 3.5587329e+002, 3.6157840e+002, 3.6728177e+002, 3.7298336e+002, 3.7868317e+002, 3.8438124e+002, 3.9007764e+002, 3.9577246e+002, 4.0146579e+002, 4.0715771e+002, 4.1284834e+002, 4.1853776e+002, 4.2422607e+002, 4.2991336e+002, 4.3559973e+002, 4.4128526e+002, 4.4697003e+002, 4.5265411e+002, 4.5833757e+002, 4.6402049e+002, 4.6970292e+002, 4.7538493e+002, 4.8106657e+002, 4.8674789e+002, 4.9242894e+002, 4.9810976e+002, 5.0379039e+002, 5.0947088e+002, 5.1515126e+002, 5.2083156e+002, 5.2651180e+002, 5.3219203e+002, 5.3787227e+002, 5.4355253e+002, 5.4923285e+002, 5.5491324e+002, 5.6059372e+002, 5.6627432e+002, 5.7195503e+002, 5.7763589e+002, 5.8331690e+002, 5.8899808e+002, 5.9467944e+002, 6.0036098e+002, 6.0604273e+002, 6.1172468e+002, 6.1740684e+002, 6.2308923e+002, 6.2877184e+002, 6.3445469e+002, 6.4013778e+002, 6.4582111e+002},
      {2.4912957e+002, 2.4913194e+002, 2.4913430e+002, 2.4913882e+002, 2.4914634e+002, 2.4915824e+002, 2.4917648e+002, 2.4920389e+002, 2.4924442e+002, 2.4930362e+002, 2.4938919e+002, 2.4951193e+002, 2.4968700e+002, 2.4993578e+002, 2.5028860e+002, 2.5078837e+002, 2.5149516e+002, 2.5249038e+002, 2.5387723e+002, 2.5577038e+002, 2.5826856e+002, 2.6141638e+002, 2.6518188e+002, 2.6947101e+002, 2.7416582e+002, 2.7915686e+002, 2.8435728e+002, 2.8970363e+002, 2.9515137e+002, 3.0066973e+002, 3.0623749e+002, 3.1183999e+002, 3.1746698e+002, 3.2311126e+002, 3.2876773e+002, 3.3443275e+002, 3.4010368e+002, 3.4577863e+002, 3.5145624e+002, 3.5713552e+002, 3.6281573e+002, 3.6849638e+002, 3.7417709e+002, 3.7985761e+002, 3.8553777e+002, 3.9121744e+002, 3.9689657e+002, 4.0257512e+002, 4.0825308e+002, 4.1393045e+002, 4.1960726e+002, 4.2528353e+002, 4.3095930e+002, 4.3663462e+002, 4.4230952e+002, 4.4798404e+002, 4.5365824e+002, 4.5933214e+002, 4.6500581e+002, 4.7067926e+002, 4.7635255e+002, 4.8202571e+002, 4.8769878e+002, 4.9337178e+002, 4.9904476e+002, 5.0471774e+002, 5.1039074e+002, 5.1606380e+002, 5.2173694e+002, 5.2741018e+002, 5.3308354e+002, 5.3875705e+002, 5.4443071e+002, 5.5010455e+002, 5.5577858e+002, 5.6145282e+002, 5.6712727e+002, 5.7280196e+002, 5.7847689e+002, 5.8415207e+002, 5.8982751e+002, 5.9550322e+002, 6.0117920e+002, 6.0685547e+002, 6.1253203e+002, 6.1820888e+002, 6.2388603e+002, 6.2956349e+002, 6.3524125e+002, 6.4091932e+002, 6.4659771e+002},
      {2.5484895e+002, 2.5485577e+002, 2.5486259e+002, 2.5487476e+002, 2.5489336e+002, 2.5491993e+002, 2.5495666e+002, 2.5500651e+002, 2.5507350e+002, 2.5516310e+002, 2.5528266e+002, 2.5544217e+002, 2.5565517e+002, 2.5594014e+002, 2.5632231e+002, 2.5683606e+002, 2.5752784e+002, 2.5845886e+002, 2.5970606e+002, 2.6135803e+002, 2.6350191e+002, 2.6620081e+002, 2.6947101e+002, 2.7327456e+002, 2.7753357e+002, 2.8215528e+002, 2.8705247e+002, 2.9215323e+002, 2.9740245e+002, 3.0275958e+002, 3.0819527e+002, 3.1368847e+002, 3.1922400e+002, 3.2479090e+002, 3.3038120e+002, 3.3598902e+002, 3.4161005e+002, 3.4724107e+002, 3.5287966e+002, 3.5852401e+002, 3.6417273e+002, 3.6982478e+002, 3.7547937e+002, 3.8113588e+002, 3.8679386e+002, 3.9245294e+002, 3.9811286e+002, 4.0377341e+002, 4.0943445e+002, 4.1509585e+002, 4.2075753e+002, 4.2641944e+002, 4.3208154e+002, 4.3774379e+002, 4.4340618e+002, 4.4906871e+002, 4.5473137e+002, 4.6039418e+002, 4.6605712e+002, 4.7172023e+002, 4.7738350e+002, 4.8304695e+002, 4.8871059e+002, 4.9437445e+002, 5.0003852e+002, 5.0570284e+002, 5.1136740e+002, 5.1703223e+002, 5.2269733e+002, 5.2836272e+002, 5.3402842e+002, 5.3969441e+002, 5.4536073e+002, 5.5102738e+002, 5.5669437e+002, 5.6236170e+002, 5.6802938e+002, 5.7369741e+002, 5.7936582e+002, 5.8503459e+002, 5.9070373e+002, 5.9637325e+002, 6.0204316e+002, 6.0771344e+002, 6.1338412e+002, 6.1905518e+002, 6.2472663e+002, 6.3039848e+002, 6.3607072e+002, 6.4174335e+002, 6.4741637e+002},
      {2.6056862e+002, 2.6057948e+002, 2.6059033e+002, 2.6060943e+002, 2.6063800e+002, 2.6067773e+002, 2.6073092e+002, 2.6080062e+002, 2.6089086e+002, 2.6100695e+002, 2.6115589e+002, 2.6134688e+002, 2.6159212e+002, 2.6190774e+002, 2.6231511e+002, 2.6284251e+002, 2.6352695e+002, 2.6441606e+002, 2.6556891e+002, 2.6705439e+002, 2.6894469e+002, 2.7130271e+002, 2.7416582e+002, 2.7753357e+002, 2.8136725e+002, 2.8560195e+002, 2.9016327e+002, 2.9498060e+002, 2.9999394e+002, 3.0515557e+002, 3.1042894e+002, 3.1578660e+002, 3.2120810e+002, 3.2667824e+002, 3.3218569e+002, 3.3772195e+002, 3.4328062e+002, 3.4885685e+002, 3.5444692e+002, 3.6004797e+002, 3.6565779e+002, 3.7127466e+002, 3.7689723e+002, 3.8252445e+002, 3.8815548e+002, 3.9378964e+002, 3.9942642e+002, 4.0506540e+002, 4.1070622e+002, 4.1634864e+002, 4.2199242e+002, 4.2763739e+002, 4.3328343e+002, 4.3893040e+002, 4.4457822e+002, 4.5022682e+002, 4.5587615e+002, 4.6152615e+002, 4.6717679e+002, 4.7282804e+002, 4.7847987e+002, 4.8413228e+002, 4.8978523e+002, 4.9543873e+002, 5.0109277e+002, 5.0674733e+002, 5.1240242e+002, 5.1805803e+002, 5.2371415e+002, 5.2937079e+002, 5.3502795e+002, 5.4068562e+002, 5.4634380e+002, 5.5200249e+002, 5.5766169e+002, 5.6332141e+002, 5.6898163e+002, 5.7464237e+002, 5.8030361e+002, 5.8596536e+002, 5.9162762e+002, 5.9729038e+002, 6.0295365e+002, 6.0861742e+002, 6.1428169e+002, 6.1994646e+002, 6.2561172e+002, 6.3127748e+002, 6.3694374e+002, 6.4261048e+002, 6.4827771e+002},
      {2.3380842e+002, 2.6630306e+002, 2.9879771e+002, 2.6634297e+002, 2.6638052e+002, 2.6643206e+002, 2.6649996e+002, 2.6658729e+002, 2.6669803e+002, 2.6683732e+002, 2.6701177e+002, 2.6722990e+002, 2.6750273e+002, 2.6784448e+002, 2.6827355e+002, 2.6881361e+002, 2.6949492e+002, 2.7035557e+002, 2.7144214e+002, 2.7280904e+002, 2.7451513e+002, 2.7661666e+002, 2.7915686e+002, 2.8215528e+002, 2.8560195e+002, 2.8945993e+002, 2.9367471e+002, 2.9818557e+002, 3.0293451e+002, 3.0787109e+002, 3.1295395e+002, 3.1815035e+002, 3.2343490e+002, 3.2878811e+002, 3.3419507e+002, 3.3964435e+002, 3.4512717e+002, 3.5063678e+002, 3.5616791e+002, 3.6171647e+002, 3.6727924e+002, 3.7285366e+002, 3.7843772e+002, 3.8402981e+002, 3.8962862e+002, 3.9523310e+002, 4.0084242e+002, 4.0645586e+002, 4.1207287e+002, 4.1769297e+002, 4.2331580e+002, 4.2894102e+002, 4.3456837e+002, 4.4019764e+002, 4.4582864e+002, 4.5146121e+002, 4.5709523e+002, 4.6273059e+002, 4.6836719e+002, 4.7400495e+002, 4.7964382e+002, 4.8528372e+002, 4.9092462e+002, 4.9656647e+002, 5.0220923e+002, 5.0785288e+002, 5.1349737e+002, 5.1914270e+002, 5.2478883e+002, 5.3043576e+002, 5.3608345e+002, 5.4173191e+002, 5.4738110e+002, 5.5303103e+002, 5.5868167e+002, 5.6433302e+002, 5.6998506e+002, 5.7563780e+002, 5.8129121e+002, 5.8694530e+002, 5.9260004e+002, 5.9825544e+002, 6.0391149e+002, 6.0956818e+002, 6.1522550e+002, 6.2088344e+002, 6.2654200e+002, 6.3220118e+002, 6.3786096e+002, 6.4352134e+002, 6.4918232e+002},
